1.347573667140516296e+00
7.098839213709193352e+00
1.743990848204993682e+01
3.236297685801218904e+01
5.185374502467907831e+01
7.589323616524073657e+01
1.044579841589244609e+02
1.375200879220542447e+02
1.750472473153272119e+02
2.170027974694379225e+02
2.633457453419621856e+02
3.140308108591501650e+02
3.690084707879527173e+02
4.282250075977849519e+02
4.916225618998368532e+02
5.591391892170988740e+02
6.307089199553506660e+02
7.062618246463257492e+02
7.857240817328157618e+02
8.690180497786376463e+02
9.560623436327302898e+02
1.046771913982508522e+03
1.141058128695987762e+03
1.238828864049239883e+03
1.339988588233875589e+03
1.444438460210324138e+03
1.552076423853813367e+03
1.662797306807645555e+03
1.776492926868157156e+03
1.893052192720916082e+03
2.012361215974436845e+03
2.134303422252437031e+03
2.258759663227552664e+03
2.385608334303812626e+03
2.514725494182034254e+03
2.645984984425213497e+03
2.779258553731222037e+03
2.914415981264039601e+03
3.051325207516663340e+03
3.189852460466723187e+03
3.329862388322311290e+03
3.471218187560515162e+03
3.613781743204926897e+03
3.757413757805635214e+03
3.901973889833814610e+03
4.047320893959236855e+03
4.193312751913181273e+03
4.339806818414702320e+03
4.486659955799382260e+03
4.633728676179758622e+03
4.780869280781375892e+03
4.927938001161753164e+03
5.074791138546434013e+03
5.221285205047954150e+03
5.367277063001899478e+03
5.512624067127320814e+03
5.657184199155500210e+03
5.800816213756207617e+03
5.943379769400619807e+03
6.084735568638823679e+03
6.224745496494411782e+03
6.363272749444471629e+03
6.500181975697096277e+03
6.635339403229912932e+03
6.768612972535921472e+03
6.899872462779101625e+03
7.028989622657321888e+03
7.155838293733582759e+03
7.280294534708698848e+03
7.402236740986698351e+03
7.521545764240219796e+03
7.638105030092978268e+03
7.751800650153490096e+03
7.862521533107321375e+03
7.970159496750811741e+03
8.074609368727259607e+03
8.175769092911895314e+03
8.273539828265147662e+03
8.367826042978627811e+03
8.458535613328405816e+03
8.545579907464936696e+03
8.628873874851735309e+03
8.708336131938225662e+03
8.783889036535054402e+03
8.855458767838183121e+03
8.922975395155444858e+03
8.986372949457496361e+03
9.045589486455619408e+03
9.100567145913693821e+03
9.151252211901610281e+03
9.197595159868280462e+03
9.239550709363371425e+03
9.277077869227372503e+03
9.310139972425628002e+03
9.338704721238380444e+03
9.362744211738749073e+03
9.382234979924245636e+03
9.397158048789766326e+03
9.407499117561017556e+03
9.413250383419208447e+03
